2
5
8
9
17
26
34
47
50
51
54
62
66
71
73
76
78
97
106
114
140
142
146
148
149
152
155
163
176
184
191
194
202
208
234
248
260
264
269
296
298
299
320
326
330
331
337
349
358
371
376
378
379
384
389
391
392
408
409
423
425
429
430
437
438
444
447
448
452
458
473
477
487
512
515
522
530
531
532
542
553
562
566
571
591
595
597
609
611
623
624
625
634
637
638
643
644
649
655
657
671
679
682
690
693
698
699
704
707
713
716
718
727
741
766
770
776
784
788
802
815
824
835
846
850
864
867
879
882
893
903
919
923
928
932
951
953
971
977
982
983
